RGB Camera Default intrinsics (3840 x 2160):
[[2285.444580078125, 0.0, 1939.57421875], [0.0, 2283.459716796875, 1084.2498779296875], [0.0, 0.0, 1.0]]

RGB Camera resized intrinsics (1280 x 720): 
[[761.81488037   0.         646.52478027]
 [  0.         761.15325928 361.41662598]
 [  0.           0.           1.        ]]

LEFT Camera Default intrinsics (1280 x 800):
[[576.9158325195312, 0.0, 610.1477661132812], [0.0, 576.6956176757812, 385.1289978027344], [0.0, 0.0, 1.0]]

LEFT Camera resized intrinsics (1280 x 720):
[[576.91583252   0.         610.14776611]
 [  0.         576.69561768 345.1289978 ]
 [  0.           0.           1.        ]]

RIGHT Camera Default intrinsics (1280 x 800):
[[571.9150390625, 0.0, 618.8201293945312], [0.0, 571.9273681640625, 390.3863830566406], [0.0, 0.0, 1.0]]

RIGHT Camera resized intrinsics (1280 x 720):
[[571.91503906   0.         618.82012939]
 [  0.         571.92736816 350.38638306]
 [  0.           0.           1.        ]]

RGB Distortion Coefficients: 
k1: 7.613864421844482
k2: 17.2153263092041
p1: 0.00012345814320724458
p2: -0.00020271474204491824
k3: -1.0174853801727295
k4: 7.641190528869629
k5: 19.72230339050293
k6: 1.2936210632324219
s1: 0.0
s2: 0.0
s3: 0.0
s4: 0.0
τx: 0.0
τy: 0.0

LEFT Distortion Coefficients:
k1: 3.322983980178833
k2: 0.9229891300201416
p1: 8.214937406592071e-05
p2: 0.00012197640171507373
k3: 0.01421595923602581
k4: 3.6786305904388428
k5: 1.9098923206329346
k6: 0.1249154806137085
s1: 0.0
s2: 0.0
s3: 0.0
s4: 0.0
τx: 0.0
τy: 0.0
RIGHT Distortion Coefficients:
k1: 0.3218414783477783
k2: -0.03403061628341675
p1: 0.00012128768139518797
p2: -7.469252977898577e-06
k3: -0.0011249410454183817
k4: 0.6524348855018616
k5: -0.006963866762816906
k6: -0.007600112352520227
s1: 0.0
s2: 0.0
s3: 0.0
s4: 0.0
τx: 0.0
τy: 0.0

RGB FOV: 108.0
Mono FOV: 127.0

LEFT Camera stereo rectification matrix:
[[ 1.00376554e+00  2.90419854e-03 -1.33718633e+00]
 [ 7.47086835e-03  9.93614012e-01  1.09843885e+00]
 [ 2.02015225e-05  5.38572539e-06  9.85742599e-01]]
RIGHT Camera stereo rectification matrix:
[[ 1.01254241e+00  2.92841131e-03 -1.54972621e+01]
 [ 7.53619321e-03  1.00189793e+00 -7.13315935e+00]
 [ 2.03781635e-05  5.43062704e-06  9.85414047e-01]]
Transformation matrix of where left Camera is W.R.T right Camera's optical center:
[[ 9.99960482e-01 -4.91512939e-04 -8.87649879e-03 -7.53389978e+00]
 [ 4.36311559e-04  9.99980569e-01 -6.21968834e-03 -5.77029539e-04]
 [ 8.87938403e-03  6.21556956e-03  9.99941289e-01  2.09180508e-02]
 [ 0.00000000e+00  0.00000000e+00  0.00000000e+00  1.00000000e+00]]
Transformation matrix of where left Camera is W.R.T RGB Camera's optical center:
[[ 9.99993980e-01  2.90092733e-03 -1.92181533e-03 -3.75810480e+00]
 [-2.89312750e-03  9.99987602e-01  4.04896820e-03  3.31299156e-02]
 [ 1.93353789e-03 -4.04338306e-03  9.99989986e-01  5.52716963e-02]
 [ 0.00000000e+00  0.00000000e+00  0.00000000e+00  1.00000000e+00]]
Transformation matrix of where right Camera is W.R.T RGB Camera's optical center:
[[ 9.99970078e-01  3.34913307e-03  6.97565824e-03  3.77542543e+00]
 [-3.42046097e-03  9.99941707e-01  1.02385329e-02  7.72333005e-03]
 [-6.94096135e-03 -1.02620861e-02  9.99923229e-01 -1.79431774e-02]
 [ 0.00000000e+00  0.00000000e+00  0.00000000e+00  1.00000000e+00]]
